0.002226
0.002121
0.000551
0.001386
0.002853
0.002323
0.001559
0.001991
0.002236
0.002656
0.001836
0.001861
0.008215
0.001597
0.002187
0.001597
0.001556
0.001309
0.001840
0.002196
0.001804
0.001846
0.002113
0.001797
0.001979
0.001977
0.001901
0.001718
0.002095
0.001880
0.001841
0.001704
0.001899
0.001986
0.002354
0.001686
0.001773
0.004579
0.001935
0.001845
0.001954
0.001662
0.001933
0.002351
0.001739
0.001993
0.001772
0.002140
0.001870
0.001809
0.006403
0.001948
0.002477
0.001712
0.002601
0.002183
0.001630
0.001882
0.002008
0.001096
0.002416
0.001665
0.003206
0.001877
0.001980
0.002592
0.001657
0.001693
0.002080
0.002056
0.001576
0.001936
0.001976
0.001823
0.001315
0.001783
0.001766
0.001678
0.009443
0.001698
0.001976
0.001925
0.001688
0.002408
0.002214
0.001272
0.001476
0.002140
0.002210
0.001474
0.001773
0.002383
0.001786
0.002144
0.001726
0.002066
0.001777
0.001438
0.001733
0.001955
0.001782
0.002502
0.002181
0.001836
0.002244
0.001757
0.002181
0.001729
0.001910
0.002102
0.001946
0.002146
0.004998
0.001906
0.001647
0.002006
0.001704
0.001621
0.002056
0.001986
0.001880
0.001856
0.001854
0.001775
0.003880
0.001685
0.001162
0.001227
0.002280
0.001465
0.002105
0.001567
0.001230
0.001257
0.005512
0.002434
0.002120
0.001893
0.001616
0.001309
0.001204
0.002323
0.001734
0.002413
0.001441
0.002367
0.003912
0.001797
0.002717
0.001572
0.003506
0.002365
0.000718
0.001242
0.001864
0.001865
0.001448
0.003245
0.002413
0.001480
0.001758
0.002368
0.002170
0.005149
0.001933
0.002200
0.001621
0.001982
0.002841
0.002302
0.001995
0.003027
0.001635
0.001933
0.001249
0.001835
0.001267
0.001717
0.001786
0.004070
0.002775
0.001961
0.001956
0.001708
0.001796
0.001092
0.002178
0.002137
0.000977
0.002046
0.001652
0.001429
0.001638
0.001693
0.001884
0.001675
0.002051
0.001587
0.001964
0.001831
0.001757
0.002357
0.001654
0.001689
0.001410
0.002000
0.003784
0.001639
0.001808
0.001632
0.002121
0.002049
0.002033
0.001498
0.001910
0.001779
0.001745
0.001715
0.001902
0.001528
0.002450
0.002142
0.002678
0.001995
0.002005
0.001766
0.001557
0.001648
0.001483
0.001600
0.001972
0.001654
0.001730
0.001484
0.010186
0.001766
0.001610
0.001695
0.001778
0.002175
0.002033
0.001816
0.001486
0.001455
0.002092
0.002330
0.003380
0.005893
0.001885
0.002128
0.001951
0.000785
0.001460
0.001854
0.001646
0.001720
0.001476
0.001942
0.001851
0.000627
0.001716
0.001725
0.001586
0.001936
0.000830
0.001758
0.002270
0.001974
0.001306
0.001702
0.002038
0.001860
0.001486
0.001771
0.002050
0.002031
0.002097
0.001603
0.001962
0.001910
0.002182
0.001856
0.002129
0.002362
0.001639
0.001684
0.002125
0.002429
0.002196
0.002162
0.002178
0.001657
0.001668
0.001939
0.001658
0.001573
0.002285
0.001919
0.001890
0.001602
0.001738
0.001259
0.001333
0.001472
0.001321
0.001687
0.001670
0.002168
0.001963
0.001897
0.001679
0.002031
0.001954
0.001649
0.001881
0.001708
0.001791
0.001714
0.001941
0.001739
0.002023
0.001658
0.001588
0.001653
0.001988
0.001920
0.001746
0.001981
0.001967
0.001863
0.002007
0.001795
0.002041
0.001617
0.001610
0.002014
0.001622
0.001828
0.001726
0.002055
0.001742
0.001769
0.001981
0.001284
0.001899
0.002098
0.001499
0.002291
0.001563
0.002138
0.002016
0.001802
0.002322
0.002156
0.001984
0.001227
0.001854
0.001533
0.008214
0.002087
0.001013
0.002352
0.001634
0.001746
0.001941
0.001684
0.001986
0.001625
0.002017
0.001794
0.001881
0.001484
0.001888
0.001554
0.001776
0.001679
0.001747
0.001661
0.001597
0.001758
0.002597
0.001865
0.002291
0.002243
0.001826
0.002061
0.001524
0.001981
0.001973
0.002157
0.000622
0.001239
0.001811
0.001264
0.001747
0.004850
0.002345
0.002530
0.001328
0.002277
0.002268
0.001663
0.002416
0.002584
0.002176
0.001604
0.001842
0.001744
0.001654
0.001839
0.002011
0.001591
0.001599
0.001930
0.002103
0.001940
0.002172
0.001830
0.001694
0.001692
0.002596
0.002412
0.001957
0.001854
0.002436
0.009714
0.001932
0.001540
0.001892
0.001699
0.001657
0.001763
0.001757
0.001771
0.001679
0.001845
0.000473
0.001736
0.001683
0.001264
0.001897
0.001415
0.001863
0.001832
0.001799
0.002179
0.001897
0.001686
0.001599
0.001937
0.001869
0.001631
0.001871
0.001770
0.001085
0.002010
0.001858
0.001943
0.001914
0.001467
0.001602
0.002043
0.002548
0.001842
0.000938
0.001636
0.002280
0.001103
0.003321
0.001444
0.001884
0.001803
0.001928
0.001814
0.001667
0.001913
0.001849
0.001921
0.001693
0.000639
0.002011
0.001993
0.002152
0.001889
0.001776
0.001664
0.002151
0.002077
0.001818
0.001711
0.001531
0.001610
0.001928
0.002658
0.001761
0.001827
0.002294
0.001950
0.002207
0.001776
