0.000866
0.000847
0.000748
0.000464
0.000847
0.000697
0.000588
0.000904
0.001127
0.000780
0.000876
0.000952
0.001399
0.000819
0.000865
0.000586
0.001064
0.001111
0.000646
0.000854
0.000635
0.000750
0.000825
0.000561
0.000595
0.000889
0.001062
0.000782
0.002275
0.000584
0.006808
0.000932
0.000784
0.000516
0.000593
0.001255
0.000622
0.000891
0.000518
0.000939
0.000897
0.000883
0.001045
0.001114
0.001179
0.000425
0.000421
0.001279
0.001313
0.000734
0.001013
0.000497
0.001316
0.001236
0.001563
0.000886
0.001048
0.001004
0.000751
0.000515
0.000795
0.001757
0.000782
0.002941
0.001021
0.000662
0.000785
0.001714
0.001247
0.000557
0.000867
0.000568
0.000601
0.001078
0.000595
0.001030
0.000362
0.001151
0.001006
0.000500
0.001123
0.000668
0.000922
0.003658
0.000660
0.001038
0.000569
0.000415
0.001074
0.000682
0.000679
0.000434
0.000859
0.001238
0.001146
0.000650
0.000567
0.000534
0.000902
0.000981
0.000911
0.000815
0.000762
0.000612
0.000644
0.001120
0.000536
0.000650
0.000684
0.000857
0.000885
0.000823
0.000806
0.000746
0.000667
0.001288
0.000776
0.000725
0.000752
0.000848
0.001067
0.000986
0.000970
0.000623
0.000795
0.000934
0.000570
0.001050
0.000608
0.000482
0.000689
0.000632
0.000940
0.000698
0.000382
0.001091
0.000442
0.000640
0.000915
0.000842
0.000454
0.000788
0.000952
0.000749
0.000789
0.001390
0.000916
0.000786
0.000594
0.000973
0.000768
0.000773
0.000586
0.000637
0.001107
0.000801
0.000783
0.000668
0.000697
0.000782
0.000778
0.000756
0.001063
0.008142
0.000432
0.000512
0.000864
0.000823
0.000424
0.000635
0.000528
0.000696
0.000791
0.000605
0.000595
0.000781
0.000629
0.001171
0.000590
0.000918
0.000753
0.000904
0.000608
0.001305
0.000580
0.001176
0.000828
0.001002
0.000487
0.000605
0.000662
0.000500
0.000642
0.000926
0.001018
0.000473
0.000557
0.000459
0.000598
0.000882
0.001178
0.000931
0.000587
0.001145
0.000642
0.009007
0.000757
0.000552
0.001116
0.001133
0.000269
0.000462
0.000628
0.000986
0.000565
0.000648
0.001048
0.000830
0.000916
0.000967
0.000790
0.000982
0.000666
0.000900
0.000818
0.000456
0.000879
0.000783
0.001176
0.001266
0.000863
0.000737
0.000736
0.001199
0.000855
0.000725
0.000969
0.000432
0.000859
0.001123
0.000914
0.001114
0.000757
0.000607
0.000610
0.001121
0.001516
0.000569
0.000578
0.001635
0.001067
0.001379
0.001066
0.000583
0.001054
0.000796
0.000711
0.001022
0.000869
0.001095
0.000759
0.000812
0.000586
0.000735
0.000521
0.001056
0.000860
0.000870
0.000860
0.000652
0.000827
0.000734
0.000790
0.000513
0.001021
0.001251
0.000796
0.000648
0.000897
0.000880
0.004528
0.000562
0.000911
0.000889
0.000641
0.000596
0.000831
0.000831
0.000732
0.001041
0.000862
0.000567
0.001007
0.000818
0.000620
0.000595
0.000627
0.000648
0.000967
0.000961
0.001315
0.000458
0.000527
0.000745
0.000579
0.000977
0.000703
0.000876
0.000675
0.000828
0.001865
0.001103
0.000790
0.000652
0.000815
0.000900
0.000904
0.000753
0.000483
0.000484
0.000892
0.001009
0.000735
0.000672
0.001540
0.002009
0.000280
0.000970
0.000471
0.005150
0.000913
0.000908
0.000639
0.000839
0.000496
0.000557
0.000959
0.000662
0.000384
0.000534
0.000818
0.000769
0.000449
0.000899
0.001272
0.000758
0.000587
0.001009
0.008084
0.000628
0.000963
0.000999
0.000731
0.000798
0.000743
0.000766
0.000781
0.001113
0.000817
0.000846
0.000448
0.000464
0.000874
0.000755
0.000849
0.000773
0.008333
0.000611
0.000581
0.000826
0.000569
0.000658
0.000927
0.000594
0.000943
0.000714
0.000645
0.000803
0.000866
0.000780
0.000806
0.000746
0.000734
0.000851
0.000740
0.000725
0.000634
0.000801
0.001405
0.000881
0.000546
0.000804
0.000802
0.001210
0.001278
0.000839
0.000802
0.000936
0.001256
0.000601
0.000737
0.000945
0.000593
0.001464
0.000536
0.000820
0.000960
0.001100
0.000712
0.001035
0.000748
0.000798
0.000560
0.000742
0.000961
0.000721
0.000735
0.000927
0.000929
0.000602
0.000608
0.000485
0.000782
0.000788
0.000549
0.000615
0.000627
0.000837
0.000609
0.001375
0.000832
0.000502
0.001233
0.000500
0.000714
0.000961
0.000858
0.001126
0.000471
0.000861
0.000743
0.000904
0.000532
0.000681
0.000623
0.000769
0.000722
0.001017
0.000833
0.000783
0.000681
0.000502
0.001334
0.000756
0.000304
0.003552
0.001012
0.001041
0.003409
0.004913
0.004267
0.000612
0.001102
0.000649
0.000630
0.000688
0.001120
0.000394
0.000751
0.001436
0.001032
0.000929
0.000935
0.000601
0.000535
0.001264
0.000572
0.000933
0.001114
0.000817
0.000300
0.000899
0.000282
0.000940
0.001026
0.000698
0.000651
0.000939
0.001294
0.000839
0.001204
0.001080
0.000621
0.000625
0.000625
0.001079
0.000558
0.000737
0.000753
0.000596
