0.001373
0.000907
0.000865
0.000259
0.000959
0.000806
0.001036
0.002608
0.000811
0.007073
0.001041
0.001271
0.000782
0.000876
0.000873
0.000736
0.000985
0.000919
0.000943
0.000937
0.000848
0.000866
0.000796
0.000816
0.000772
0.000851
0.000893
0.000954
0.000907
0.001054
0.001049
0.001272
0.001918
0.000653
0.000951
0.001294
0.000358
0.000833
0.000850
0.000969
0.001168
0.001901
0.001039
0.000828
0.001168
0.001690
0.000759
0.001177
0.000954
0.003741
0.001110
0.000827
0.000954
0.000888
0.000706
0.000849
0.001064
0.000746
0.000826
0.000818
0.001091
0.000833
0.000760
0.000930
0.000680
0.001042
0.000695
0.000788
0.000724
0.000875
0.000930
0.000803
0.001011
0.000846
0.000810
0.001030
0.000712
0.001170
0.000993
0.000909
0.000735
0.001025
0.000796
0.000863
0.000858
0.000868
0.000900
0.000836
0.000887
0.000875
0.000901
0.000849
0.001161
0.000809
0.000846
0.001185
0.000945
0.000857
0.001462
0.000818
0.001043
0.000989
0.001130
0.001656
0.001807
0.000826
0.000883
0.000708
0.000834
0.001325
0.000817
0.000227
0.000802
0.001078
0.000330
0.000712
0.000754
0.001123
0.001937
0.000944
0.000397
0.000966
0.000806
0.000699
0.001120
0.000928
0.001129
0.000722
0.000710
0.000941
0.000822
0.008348
0.000821
0.000877
0.000695
0.000940
0.000712
0.000784
0.000763
0.000813
0.001168
0.000832
0.001370
0.000833
0.000906
0.000674
0.000925
0.000979
0.000876
0.000992
0.000685
0.000664
0.000513
0.000928
0.000462
0.000784
0.000881
0.000800
0.000802
0.000995
0.000789
0.001109
0.000845
0.000870
0.000743
0.001013
0.000827
0.000886
0.000828
0.001086
0.000902
0.000717
0.000822
0.000867
0.000980
0.001039
0.000841
0.000828
0.000947
0.000659
0.001027
0.000734
0.000834
0.001007
0.000810
0.000921
0.001083
0.000823
0.000741
0.001001
0.001204
0.000883
0.000801
0.000723
0.000895
0.001003
0.000998
0.001056
0.000745
0.000585
0.000762
0.000723
0.000830
0.001035
0.001096
0.000930
0.005421
0.000716
0.000935
0.000934
0.000826
0.000702
0.000855
0.001188
0.001011
0.000732
0.001000
0.000715
0.000844
0.000788
0.000989
0.000686
0.001316
0.001155
0.000832
0.001455
0.001057
0.010645
0.000870
0.001318
0.001001
0.001063
0.001356
0.001055
0.000816
0.000894
0.000803
0.000740
0.000907
0.000682
0.000779
0.000665
0.000922
0.000337
0.000846
0.000832
0.001074
0.000832
0.000839
0.000896
0.000881
0.001074
0.000910
0.000871
0.001453
0.000737
0.001446
0.005280
0.001402
0.000948
0.000877
0.000833
0.000865
0.000822
0.000860
0.000504
0.000735
0.001207
0.000926
0.000881
0.001056
0.000901
0.000914
0.000845
0.000809
0.001351
0.000844
0.000830
0.001016
0.001252
0.000837
0.001028
0.001326
0.000824
0.001047
0.000804
0.001612
0.001435
0.000534
0.001321
0.000709
0.001052
0.000910
0.000421
0.004678
0.000967
0.001679
0.000902
0.000799
0.000722
0.000723
0.000883
0.000831
0.001020
0.000710
0.000686
0.000994
0.000750
0.000809
0.001230
0.001168
0.001187
0.001044
0.000778
0.001175
0.000894
0.000666
0.001020
0.000754
0.000861
0.000820
0.000906
0.000799
0.001225
0.000791
0.000686
0.000814
0.001013
0.000889
0.000748
0.000815
0.001051
0.002649
0.000944
0.000706
0.000863
0.001032
0.000724
0.000775
0.000979
0.001151
0.000933
0.000820
0.001182
0.000990
0.000655
0.001225
0.000917
0.000415
0.001006
0.000799
0.000914
0.000976
0.000879
0.000702
0.001088
0.000861
0.000957
0.000862
0.001522
0.000878
0.000676
0.000826
0.000850
0.001081
0.001062
0.000881
0.000939
0.000695
0.000822
0.000849
0.001372
0.001299
0.006091
0.001059
0.001031
0.000898
0.001126
0.000282
0.000878
0.001232
0.003117
0.000697
0.001002
0.000804
0.000829
0.001257
0.000644
0.001074
0.001070
0.000859
0.000706
0.000965
0.000987
0.000693
0.000745
0.000956
0.000248
0.000829
0.001660
0.000870
0.000905
0.000835
0.000814
0.000873
0.003800
0.001045
0.001148
0.000815
0.000820
0.000841
0.000871
0.001037
0.001180
0.000783
0.000718
0.000909
0.004254
0.000321
0.001141
0.001039
0.000940
0.000983
0.000833
0.000916
0.000811
0.003929
0.001205
0.000963
0.001015
0.000935
0.008977
0.001126
0.000417
0.000798
0.001178
0.001024
0.001012
0.000832
0.000837
0.001020
0.001375
0.001752
0.000986
0.000887
0.000818
0.000744
0.002286
0.000880
0.001003
0.000896
0.000896
0.001056
0.000910
0.000947
0.000929
0.000901
0.000663
0.001020
0.000887
0.001284
0.000800
0.000790
0.000869
0.000657
0.000827
0.006558
0.000728
0.000790
0.000919
0.001079
0.000657
0.001157
0.000384
0.000896
0.000453
0.001268
0.000719
0.001137
0.000853
0.000954
0.000461
0.009169
0.000897
0.000796
0.000506
0.000872
0.003971
0.005155
0.000762
0.000733
0.000816
0.000879
0.000892
0.001029
0.001366
0.001603
0.000939
0.000428
0.000947
