0.001581
0.001719
0.001260
0.003646
0.002341
0.001697
0.001730
0.000849
0.001523
0.000983
0.001148
0.001758
0.002634
0.001652
0.001950
0.002051
0.002651
0.001190
0.001584
0.001651
0.001206
0.002188
0.000962
0.001648
0.001237
0.001986
0.001688
0.000877
0.001778
0.002987
0.001418
0.001358
0.001649
0.003695
0.009653
0.002239
0.000898
0.001940
0.001267
0.001380
0.001393
0.000721
0.006186
0.002868
0.001224
0.001763
0.001588
0.001540
0.001699
0.002652
0.001194
0.001624
0.001558
0.001269
0.001987
0.001882
0.002143
0.001267
0.010755
0.000791
0.001178
0.000922
0.000678
0.001622
0.000454
0.001724
0.003802
0.001434
0.001794
0.000789
0.002600
0.001703
0.001455
0.002239
0.001518
0.002081
0.001533
0.002137
0.001740
0.001878
0.001897
0.001409
0.001857
0.000399
0.001824
0.001880
0.002399
0.001649
0.001726
0.002711
0.002253
0.000924
0.001711
0.001963
0.001893
0.000877
0.001921
0.001789
0.002375
0.001623
0.002502
0.002167
0.002092
0.001486
0.001870
0.001396
0.001015
0.002051
0.001904
0.001898
0.002337
0.001965
0.002595
0.001714
0.001581
0.001472
0.000861
0.001464
0.002066
0.001725
0.001898
0.001869
0.001167
0.001628
0.000494
0.001241
0.001725
0.001835
0.001886
0.002103
0.001254
0.000744
0.000970
0.001813
0.002091
0.001749
0.001553
0.001824
0.000940
0.000491
0.002486
0.001304
0.001713
0.001152
0.001958
0.002252
0.011382
0.001615
0.001542
0.001761
0.001601
0.000950
0.001800
0.003959
0.001933
0.001544
0.001703
0.001822
0.001730
0.001445
0.001822
0.002274
0.001449
0.002102
0.001658
0.001802
0.001862
0.001713
0.001751
0.002029
0.002300
0.001708
0.001329
0.001938
0.001989
0.001387
0.001179
0.001964
0.002325
0.001678
0.001922
0.002019
0.002207
0.001251
0.001660
0.002211
0.001400
0.002413
0.002146
0.002598
0.000828
0.001314
0.001753
0.001774
0.000415
0.001979
0.001320
0.000309
0.001060
0.001602
0.002077
0.001282
0.000833
0.002040
0.001646
0.000670
0.001177
0.001168
0.001064
0.004467
0.002791
0.001535
0.001353
0.001714
0.001171
0.000401
0.001456
0.002546
0.001706
0.000716
0.002048
0.003327
0.000978
0.002401
0.000470
0.002105
0.002365
0.001794
0.000366
0.001727
0.001514
0.001624
0.003710
0.002027
0.001179
0.001513
0.000959
0.001820
0.001372
0.001994
0.001186
0.001518
0.004150
0.001537
0.001189
0.001589
0.001921
0.001596
0.001740
0.001547
0.001871
0.002102
0.002148
0.001840
0.001631
0.002029
0.001524
0.001886
0.002227
0.001910
0.002218
0.001631
0.001669
0.001780
0.002204
0.002111
0.001671
0.001958
0.001763
0.001611
0.001474
0.002215
0.001726
0.001668
0.001656
0.002482
0.001636
0.001584
0.002151
0.001091
0.001860
0.001897
0.001336
0.001691
0.002069
0.001458
0.000943
0.001500
0.001962
0.001849
0.001842
0.001204
0.002248
0.002675
0.004348
0.001547
0.001735
0.001486
0.001899
0.001856
0.001775
0.002181
0.002119
0.001900
0.001875
0.001922
0.003644
0.001683
0.001103
0.001693
0.001054
0.002277
0.001814
0.001460
0.001651
0.001432
0.001295
0.001450
0.000937
0.001513
0.001929
0.002082
0.000988
0.002082
0.001845
0.001867
0.001873
0.001695
0.002199
0.001898
0.001723
0.001042
0.001713
0.001315
0.000975
0.002557
0.002433
0.001685
0.000790
0.001961
0.001689
0.001231
0.001660
0.007166
0.001311
0.001817
0.001569
0.000970
0.000826
0.001852
0.000928
0.001532
0.001839
0.001895
0.001404
0.001134
0.001870
0.002109
0.001686
0.001930
0.000412
0.000947
0.002168
0.001419
0.001972
0.001892
0.002087
0.000581
0.001234
0.001563
0.002117
0.001999
0.001736
0.001148
0.001599
0.001413
0.009753
0.001471
0.002144
0.001916
0.001887
0.001471
0.001207
0.001982
0.001945
0.001575
0.001606
0.001569
0.001693
0.000395
0.010922
0.002324
0.001288
0.000330
0.001712
0.002222
0.001905
0.001538
0.001881
0.001841
0.002661
0.002008
0.001410
0.004227
0.002042
0.000557
0.001733
0.002148
0.002423
0.002020
0.001897
0.001757
0.001663
0.002299
0.001113
0.001179
0.001414
0.001584
0.001337
0.001885
0.000905
0.002382
0.001643
0.002555
0.001782
0.001803
0.001785
0.002178
0.001940
0.001903
0.001361
0.001636
0.001630
0.001645
0.001990
0.002298
0.001739
0.001288
0.001853
0.003100
0.001016
0.010193
0.001807
0.000962
0.001646
0.002316
0.002570
0.001693
0.001533
0.001685
0.000382
0.000951
0.001893
0.000763
0.000876
0.001912
0.000796
0.001393
0.002215
0.002710
0.001124
0.001176
0.000919
0.001089
0.002036
0.001999
0.000934
0.002287
0.002348
0.000403
0.001884
0.002077
0.000994
0.000523
0.001762
0.001675
0.001580
0.001264
0.001809
0.001940
0.002078
0.001518
0.001240
0.000461
0.001095
0.000839
0.001869
0.001736
0.001177
0.001851
0.001833
0.001127
0.001066
0.001306
0.002236
0.001332
0.001501
0.002407
0.001210
0.000883
