0.001102
0.001066
0.000994
0.000863
0.000878
0.000844
0.000932
0.001024
0.001118
0.000933
0.001116
0.001249
0.000853
0.000585
0.001009
0.001042
0.000839
0.001249
0.000959
0.000884
0.001092
0.001092
0.000920
0.000890
0.000989
0.000816
0.000888
0.000751
0.001035
0.000650
0.000996
0.002625
0.000839
0.001211
0.001361
0.000991
0.000863
0.000761
0.000888
0.000883
0.000820
0.000937
0.000835
0.000904
0.001100
0.001181
0.000835
0.000975
0.000983
0.001381
0.001189
0.001008
0.001417
0.001576
0.000700
0.001125
0.001206
0.001325
0.000994
0.000972
0.001136
0.001220
0.000899
0.000860
0.001474
0.001443
0.000919
0.001040
0.001049
0.000970
0.000809
0.000779
0.000838
0.000985
0.000887
0.000810
0.000969
0.000974
0.001302
0.001074
0.000854
0.000945
0.000877
0.000955
0.000846
0.001038
0.000856
0.001303
0.001017
0.001260
0.000683
0.002977
0.000799
0.000659
0.001093
0.000901
0.000892
0.000843
0.000793
0.000855
0.000552
0.001035
0.000708
0.001377
0.001316
0.001054
0.000918
0.001044
0.000789
0.000823
0.000734
0.000747
0.000776
0.001049
0.001409
0.001053
0.000922
0.000947
0.001130
0.001009
0.001073
0.008814
0.000925
0.001109
0.000820
0.001006
0.000652
0.001149
0.000997
0.000974
0.001003
0.000515
0.000629
0.000935
0.000995
0.000911
0.000878
0.000983
0.000987
0.001090
0.001028
0.001378
0.001187
0.001234
0.000817
0.000890
0.000844
0.000839
0.001044
0.000979
0.001165
0.000926
0.000892
0.004398
0.000828
0.001190
0.001125
0.000698
0.000689
0.000794
0.001105
0.000593
0.001134
0.001144
0.001016
0.001994
0.001160
0.001028
0.000596
0.000798
0.001238
0.000628
0.001197
0.000968
0.001232
0.001380
0.000679
0.000742
0.001037
0.000625
0.000742
0.001303
0.000636
0.001365
0.001233
0.001540
0.000958
0.001264
0.001079
0.001842
0.001013
0.001263
0.001045
0.000965
0.002227
0.000716
0.001093
0.001088
0.001212
0.001243
0.001381
0.000415
0.001136
0.001514
0.001211
0.000873
0.001155
0.000692
0.000965
0.000840
0.000447
0.000934
0.000866
0.001096
0.000852
0.000368
0.000790
0.000753
0.000727
0.000906
0.000636
0.000917
0.000636
0.000761
0.001516
0.004405
0.002381
0.000965
0.001012
0.001084
0.001765
0.000856
0.001821
0.001521
0.000951
0.001269
0.000887
0.000937
0.001134
0.000964
0.000688
0.001144
0.002192
0.001716
0.000817
0.001003
0.001350
0.001208
0.000946
0.001072
0.001113
0.000937
0.000761
0.000962
0.000892
0.000869
0.001645
0.001051
0.000883
0.001083
0.003527
0.001015
0.000855
0.001128
0.001194
0.001057
0.001172
0.000961
0.001579
0.002298
0.001043
0.004761
0.001181
0.000838
0.001009
0.001211
0.000948
0.000959
0.001230
0.000908
0.000420
0.000907
0.001084
0.002955
0.001104
0.000467
0.000697
0.000774
0.001220
0.001875
0.000945
0.001107
0.001087
0.003869
0.001092
0.001126
0.001083
0.000665
0.000995
0.000875
0.001046
0.001033
0.000445
0.001032
0.000972
0.000773
0.000843
0.000975
0.000817
0.001182
0.001483
0.001112
0.001146
0.001010
0.000777
0.000778
0.001023
0.001143
0.001054
0.000776
0.001519
0.000900
0.001024
0.001018
0.000896
0.000946
0.000912
0.001016
0.001146
0.001133
0.001248
0.000896
0.000751
0.001122
0.001405
0.000880
0.001087
0.001147
0.001202
0.000693
0.000985
0.001330
0.000895
0.001434
0.000973
0.001154
0.001161
0.001040
0.001392
0.001165
0.000818
0.001158
0.000984
0.000861
0.000928
0.001010
0.000790
0.001054
0.000874
0.001085
0.000981
0.000641
0.000952
0.001580
0.000970
0.000810
0.000727
0.000991
0.001438
0.001832
0.000955
0.001001
0.000921
0.002362
0.001769
0.001013
0.001475
0.000660
0.000788
0.001017
0.001418
0.001304
0.001286
0.000841
0.000987
0.001147
0.001179
0.000792
0.000863
0.001151
0.000886
0.001274
0.001033
0.000974
0.000965
0.000966
0.000611
0.001069
0.001491
0.000939
0.000801
0.001029
0.000572
0.000806
0.000884
0.000912
0.000858
0.000977
0.000920
0.000666
0.000771
0.000834
0.000938
0.000866
0.000935
0.000767
0.000842
0.001126
0.000758
0.001096
0.000505
0.000923
0.000908
0.001353
0.001009
0.001219
0.001015
0.000865
0.000866
0.001157
0.001057
0.000668
0.006592
0.001045
0.001055
0.004689
0.000659
0.000868
0.000852
0.001185
0.003753
0.006802
0.004264
0.007937
0.001067
0.000687
0.000889
0.000948
0.003504
0.000934
0.004828
0.001342
0.004651
0.003517
0.001131
0.001815
0.003843
0.000935
0.001030
0.000360
0.003652
0.001081
0.007124
0.000879
0.001592
0.000958
0.000567
0.000643
0.000643
0.003460
0.000761
0.000781
0.000765
0.000858
0.001504
0.000727
0.000834
0.001155
0.000652
0.000951
0.000982
0.002661
0.003226
0.001305
0.003509
0.000775
0.000371
0.005322
0.000937
0.000688
0.000511
0.001566
0.001015
0.001341
0.001386
0.000418
0.001107
0.000775
0.001114
0.000395
