0.001088
0.000754
0.001613
0.000785
0.000839
0.001089
0.000516
0.000807
0.000625
0.000349
0.000459
0.000922
0.000880
0.000998
0.002897
0.001108
0.000919
0.001397
0.000612
0.000837
0.000831
0.000395
0.000773
0.000834
0.000635
0.000690
0.000567
0.000747
0.001005
0.000640
0.000670
0.001048
0.000795
0.000707
0.000743
0.002426
0.000662
0.000953
0.000561
0.001192
0.000710
0.000971
0.000893
0.000800
0.000891
0.000460
0.000987
0.001145
0.000872
0.000969
0.001253
0.000834
0.000900
0.000935
0.000857
0.000869
0.001022
0.001190
0.000665
0.001008
0.000945
0.001279
0.000853
0.000375
0.000375
0.001274
0.000794
0.001806
0.000800
0.000679
0.000713
0.000801
0.001105
0.001107
0.000620
0.001521
0.000597
0.001331
0.001016
0.000877
0.000744
0.000563
0.001062
0.000773
0.001024
0.000468
0.000565
0.002043
0.000555
0.000488
0.001717
0.001412
0.000948
0.000793
0.001035
0.001484
0.000889
0.000963
0.001050
0.001005
0.000995
0.001003
0.001097
0.000704
0.000876
0.000856
0.000658
0.001060
0.009005
0.000880
0.000859
0.000593
0.000493
0.001102
0.000557
0.000970
0.000859
0.001154
0.001080
0.001122
0.001502
0.000945
0.000459
0.001101
0.001017
0.000730
0.000604
0.001615
0.000878
0.000881
0.000578
0.000913
0.000586
0.000935
0.000903
0.000622
0.000934
0.000953
0.000959
0.000609
0.001088
0.000503
0.000925
0.000944
0.001374
0.001230
0.001507
0.000831
0.001086
0.001240
0.000846
0.001568
0.000832
0.000496
0.000609
0.000739
0.000592
0.000843
0.000825
0.000902
0.000690
0.000951
0.001061
0.000296
0.000800
0.000837
0.001390
0.001448
0.001113
0.000981
0.001740
0.000970
0.000416
0.001445
0.000512
0.000525
0.003165
0.000815
0.000907
0.000867
0.001803
0.000714
0.000615
0.000833
0.001448
0.001516
0.000550
0.001667
0.001085
0.000892
0.001267
0.001402
0.000585
0.001409
0.000899
0.001330
0.001680
0.000986
0.001035
0.000612
0.000834
0.000915
0.001586
0.000790
0.000929
0.000653
0.000840
0.000914
0.009577
0.001224
0.000639
0.000963
0.001108
0.001074
0.000776
0.001198
0.000614
0.001049
0.000703
0.000742
0.000937
0.000993
0.000581
0.000859
0.000983
0.001636
0.000991
0.000797
0.000748
0.001013
0.000940
0.000833
0.000993
0.001120
0.000309
0.001061
0.000665
0.000990
0.000585
0.001455
0.001130
0.000514
0.000612
0.001064
0.003606
0.000868
0.000408
0.000880
0.001081
0.001822
0.000808
0.000929
0.000845
0.000821
0.000882
0.000865
0.000804
0.004159
0.000825
0.000637
0.001632
0.001686
0.001022
0.001826
0.000820
0.001624
0.000965
0.000739
0.000889
0.001074
0.001140
0.000586
0.001088
0.003152
0.000524
0.008827
0.000864
0.001112
0.000665
0.001531
0.000644
0.001527
0.000603
0.000539
0.000778
0.000706
0.001519
0.000659
0.000973
0.001028
0.002202
0.000956
0.000878
0.001051
0.000601
0.000613
0.001194
0.000941
0.001151
0.001036
0.000853
0.000766
0.000976
0.001084
0.006500
0.000838
0.001902
0.000896
0.000796
0.000995
0.001007
0.001207
0.001009
0.000863
0.001680
0.001073
0.000501
0.000605
0.000986
0.000640
0.000760
0.000785
0.000836
0.000731
0.000918
0.000690
0.001112
0.001124
0.001069
0.001103
0.001116
0.001314
0.001303
0.000835
0.000782
0.000777
0.000790
0.000911
0.001398
0.000940
0.000921
0.001753
0.001535
0.001090
0.000780
0.000818
0.001040
0.001323
0.000891
0.000780
0.001014
0.000655
0.000892
0.000888
0.000962
0.000873
0.000869
0.000903
0.000974
0.000793
0.000400
0.001118
0.000788
0.001074
0.000778
0.001095
0.000738
0.001022
0.000893
0.000588
0.000822
0.000782
0.001080
0.000730
0.000649
0.000843
0.000680
0.001383
0.000549
0.000983
0.000785
0.001020
0.000712
0.000836
0.000799
0.001024
0.001014
0.001521
0.000915
0.000853
0.001111
0.000979
0.000842
0.000465
0.001056
0.000760
0.000764
0.001048
0.001441
0.000415
0.000421
0.000807
0.000831
0.000490
0.000989
0.000750
0.000992
0.001219
0.001013
0.000480
0.000874
0.001049
0.001135
0.001053
0.000879
0.000669
0.001287
0.000627
0.001122
0.000912
0.000767
0.000448
0.001321
0.000567
0.001310
0.000803
0.002049
0.000620
0.001047
0.000920
0.000575
0.000794
0.000500
0.000740
0.001771
0.004153
0.000777
0.000987
0.001468
0.001085
0.000873
0.000666
0.001463
0.001236
0.000893
0.000994
0.001505
0.000909
0.000341
0.000888
0.000673
0.001101
0.000871
0.000733
0.000301
0.001230
0.000849
0.002185
0.000578
0.000922
0.000985
0.001348
0.001104
0.001088
0.000768
0.000668
0.000874
0.000920
0.000629
0.001039
0.000976
0.000957
0.001305
0.000493
0.001821
0.000389
0.000956
0.001161
0.000554
0.000454
0.000937
0.000613
0.002750
0.000813
0.000721
0.001261
0.000534
0.000485
0.000836
0.000770
0.000959
0.001024
0.000894
0.000835
0.000923
0.001212
0.002796
0.000941
0.001513
0.001129
