0.001835
0.001780
0.001836
0.001229
0.001513
0.001301
0.001727
0.001328
0.001495
0.000339
0.001869
0.001973
0.001297
0.002061
0.001836
0.001569
0.001382
0.001790
0.001279
0.000710
0.000830
0.001178
0.001706
0.001773
0.001616
0.000981
0.001839
0.001843
0.001047
0.001747
0.001331
0.001981
0.001529
0.001635
0.001661
0.001246
0.001758
0.001533
0.001693
0.001842
0.001654
0.000842
0.001486
0.001946
0.001585
0.002070
0.001647
0.002391
0.002146
0.001013
0.001616
0.001256
0.001719
0.001765
0.001025
0.002480
0.001071
0.001708
0.001206
0.001688
0.001751
0.001902
0.001695
0.001771
0.001509
0.000643
0.001819
0.001815
0.001504
0.001581
0.001774
0.001660
0.001869
0.002147
0.001834
0.001776
0.001872
0.001768
0.001736
0.001741
0.001219
0.001892
0.001253
0.001920
0.001662
0.001457
0.001202
0.001847
0.001626
0.001743
0.002203
0.001383
0.001204
0.001861
0.001752
0.001408
0.001989
0.001717
0.001751
0.001896
0.001710
0.001932
0.001360
0.001913
0.001470
0.000536
0.001878
0.001580
0.002124
0.002037
0.001558
0.000910
0.000911
0.002491
0.001636
0.001628
0.001633
0.001915
0.001455
0.001631
0.000800
0.002278
0.001912
0.001254
0.001878
0.001704
0.001708
0.001535
0.001924
0.001719
0.001350
0.001880
0.002237
0.001302
0.001437
0.001009
0.001383
0.002048
0.002106
0.002152
0.002196
0.001563
0.001384
0.001830
0.001657
0.001949
0.001566
0.001514
0.001545
0.001816
0.002401
0.001601
0.001956
0.001342
0.001997
0.001962
0.001486
0.001472
0.002250
0.001119
0.000512
0.001952
0.001136
0.001126
0.001093
0.008368
0.001797
0.001878
0.001236
0.001934
0.001549
0.001480
0.000611
0.001757
0.001621
0.001677
0.001383
0.001803
0.001089
0.001533
0.001676
0.001279
0.002536
0.001937
0.000389
0.001972
0.001287
0.000624
0.002277
0.001638
0.000994
0.002099
0.001969
0.010056
0.001847
0.001609
0.001958
0.001335
0.001466
0.001041
0.001594
0.001603
0.001811
0.001835
0.001919
0.001907
0.001364
0.001643
0.001577
0.001232
0.001828
0.001647
0.001343
0.001780
0.001781
0.002187
0.001817
0.000863
0.001170
0.001028
0.001706
0.002010
0.001848
0.000849
0.001120
0.001768
0.001647
0.001430
0.001879
0.001121
0.001926
0.000867
0.002026
0.001952
0.000585
0.001292
0.001348
0.001755
0.000998
0.000483
0.001892
0.001260
0.001479
0.001677
0.001844
0.001982
0.001335
0.001196
0.001205
0.001354
0.000944
0.000847
0.000825
0.001701
0.000869
0.000754
0.000721
0.001823
0.001967
0.001544
0.001431
0.000500
0.001576
0.001690
0.000874
0.001350
0.001462
0.002242
0.001661
0.002030
0.001459
0.001707
0.001977
0.001359
0.001507
0.001403
0.001648
0.000967
0.001746
0.001663
0.001635
0.001564
0.000288
0.001971
0.001337
0.001604
0.001049
0.000863
0.002083
0.001922
0.001455
0.001679
0.001757
0.001837
0.001776
0.001276
0.001816
0.001671
0.001692
0.002580
0.001153
0.000325
0.001358
0.001098
0.000517
0.001860
0.001525
0.001572
0.001696
0.002077
0.001500
0.001894
0.002116
0.009199
0.002137
0.002220
0.000758
0.001658
0.001596
0.000871
0.001239
0.001832
0.001325
0.001756
0.001522
0.001271
0.001707
0.002164
0.001639
0.001299
0.001793
0.001706
0.001144
0.001788
0.001474
0.001576
0.002020
0.001706
0.001212
0.001944
0.001705
0.001437
0.001585
0.001156
0.001881
0.001608
0.001839
0.002039
0.001325
0.001625
0.000897
0.001267
0.001856
0.002302
0.000711
0.001170
0.001603
0.000753
0.001294
0.001286
0.001908
0.001796
0.002102
0.001193
0.001839
0.001466
0.001942
0.001704
0.001959
0.002554
0.001732
0.001710
0.001455
0.001672
0.000589
0.001559
0.001430
0.000768
0.000872
0.000999
0.001477
0.001153
0.001236
0.002264
0.000706
0.002083
0.001181
0.003076
0.000879
0.000755
0.001631
0.001759
0.001556
0.001695
0.001430
0.001794
0.002330
0.002183
0.001511
0.002001
0.002072
0.001096
0.001041
0.001883
0.001877
0.001344
0.001201
0.002108
0.001276
0.001288
0.002183
0.001831
0.001186
0.001946
0.002051
0.001531
0.001433
0.001609
0.002029
0.001511
0.001673
0.001828
0.001474
0.001776
0.001089
0.002477
0.001938
0.001757
0.001290
0.001894
0.001635
0.001378
0.000808
0.000603
0.001525
0.001901
0.001546
0.000664
0.001176
0.001173
0.002187
0.001964
0.002100
0.000719
0.001549
0.001660
0.001594
0.000677
0.001170
0.002969
0.001243
0.000405
0.002599
0.001743
0.002376
0.001893
0.001618
0.002176
0.001667
0.002650
0.001327
0.001777
0.001079
0.002220
0.001076
0.001458
0.002228
0.001975
0.001854
0.001380
0.002664
0.001383
0.001924
0.001641
0.001292
0.001210
0.001508
0.000974
0.000713
0.001545
0.001243
0.001202
0.010322
0.001675
0.001596
0.001253
0.001351
0.001766
0.001778
0.001221
0.002093
0.000913
0.001444
0.001777
0.001138
0.000381
0.001577
0.001727
0.002498
0.001190
