0.002084
0.000963
0.001053
0.001003
0.000744
0.001392
0.000696
0.001771
0.001020
0.001045
0.003800
0.000830
0.003909
0.000796
0.000733
0.000970
0.000467
0.000946
0.001062
0.001003
0.000915
0.000986
0.001019
0.001342
0.001136
0.000952
0.000975
0.000948
0.001137
0.000885
0.000764
0.001004
0.001155
0.001320
0.000816
0.002114
0.000888
0.000880
0.001573
0.000890
0.001246
0.001609
0.010344
0.002589
0.001026
0.001434
0.000965
0.000781
0.001349
0.001009
0.000921
0.001114
0.001578
0.003234
0.007648
0.000851
0.002498
0.001223
0.000738
0.003707
0.002034
0.001440
0.000889
0.001488
0.003381
0.001166
0.001908
0.001086
0.001082
0.000851
0.000394
0.000673
0.001850
0.004710
0.001230
0.000921
0.001416
0.001358
0.001106
0.000998
0.002389
0.000858
0.001202
0.001158
0.001080
0.001028
0.000907
0.000821
0.000897
0.001747
0.002355
0.000836
0.001215
0.000784
0.000881
0.000791
0.000932
0.001088
0.000726
0.000863
0.001532
0.000953
0.000702
0.003711
0.002803
0.001446
0.001218
0.004226
0.000906
0.003917
0.001436
0.001232
0.001837
0.000900
0.001107
0.000955
0.001132
0.001022
0.000929
0.001041
0.001134
0.001748
0.000924
0.000974
0.002061
0.000700
0.001019
0.000803
0.001106
0.001237
0.001459
0.001434
0.001185
0.000971
0.002592
0.001028
0.000897
0.001144
0.000516
0.001165
0.000975
0.000893
0.001439
0.001151
0.001308
0.000765
0.001234
0.000605
0.001059
0.001861
0.001732
0.001546
0.001350
0.002661
0.000825
0.000911
0.001378
0.001352
0.001019
0.000980
0.001038
0.001073
0.001397
0.001490
0.000786
0.001117
0.000693
0.000877
0.000859
0.000784
0.001280
0.001267
0.000860
0.001045
0.001235
0.000571
0.000677
0.001072
0.001023
0.001161
0.001301
0.003769
0.000993
0.000853
0.001275
0.000782
0.001273
0.000639
0.000731
0.001202
0.000673
0.000686
0.001091
0.001071
0.000879
0.001188
0.001237
0.001181
0.001456
0.000844
0.003125
0.002129
0.000811
0.001377
0.001329
0.000762
0.000951
0.001190
0.000972
0.000892
0.000923
0.001311
0.000912
0.001032
0.001858
0.001168
0.001548
0.000521
0.001330
0.000335
0.000880
0.000887
0.001431
0.000770
0.001238
0.001422
0.000457
0.001106
0.000998
0.001027
0.001048
0.000846
0.001838
0.000967
0.000997
0.001409
0.000923
0.000529
0.000949
0.000695
0.001030
0.001672
0.001083
0.001090
0.001281
0.000987
0.000922
0.001171
0.001005
0.000883
0.000619
0.001116
0.000948
0.001041
0.001344
0.001953
0.001037
0.001010
0.001255
0.000945
0.000989
0.001111
0.000679
0.000712
0.001115
0.000838
0.001073
0.001164
0.001048
0.000913
0.000696
0.000859
0.001400
0.001153
0.000882
0.001006
0.000871
0.008725
0.001061
0.001161
0.000967
0.001079
0.001103
0.000945
0.001048
0.001172
0.000664
0.001099
0.000880
0.000943
0.001103
0.000985
0.000801
0.001207
0.001009
0.001135
0.001430
0.000946
0.000852
0.001080
0.000909
0.000971
0.000954
0.000967
0.000921
0.000576
0.002819
0.001097
0.001018
0.001168
0.000911
0.001385
0.001074
0.001051
0.000740
0.000914
0.000945
0.001063
0.000990
0.000945
0.001395
0.001040
0.001102
0.000874
0.001105
0.001222
0.000887
0.000990
0.000834
0.001053
0.006787
0.000999
0.002196
0.001324
0.001015
0.002012
0.001783
0.001121
0.001223
0.001144
0.000729
0.000994
0.000503
0.005236
0.001218
0.001353
0.000660
0.001511
0.002077
0.000710
0.001160
0.001629
0.001138
0.000985
0.001106
0.001862
0.001213
0.001400
0.001196
0.001602
0.001565
0.002330
0.000863
0.001033
0.000933
0.001069
0.000661
0.001413
0.000852
0.000934
0.002550
0.001542
0.000974
0.001394
0.001297
0.001040
0.001602
0.001055
0.000795
0.000955
0.000686
0.008089
0.001105
0.001833
0.000999
0.001112
0.001381
0.002682
0.001000
0.001071
0.001295
0.000742
0.000545
0.001145
0.001718
0.001573
0.001035
0.001132
0.001200
0.000879
0.001068
0.002376
0.001256
0.001359
0.000943
0.001066
0.001337
0.001020
0.001015
0.002592
0.000832
0.001085
0.001419
0.001238
0.000755
0.001439
0.000914
0.000895
0.000978
0.001000
0.001150
0.000949
0.001041
0.000894
0.000569
0.001161
0.005768
0.000883
0.000922
0.000884
0.000879
0.001071
0.000966
0.001101
0.001025
0.000822
0.002974
0.000803
0.001105
0.010155
0.001061
0.002400
0.000771
0.000872
0.000431
0.001022
0.001025
0.001608
0.004260
0.000987
0.007921
0.001314
0.001069
0.001147
0.000931
0.000888
0.000822
0.000860
0.001158
0.001010
0.000988
0.001075
0.001066
0.001026
0.000635
0.000936
0.001266
0.001002
0.001026
0.000759
0.002787
0.001122
0.000809
0.000810
0.000613
0.001121
0.001238
0.000884
0.000588
0.001004
0.000948
0.001419
0.001083
0.001445
0.005247
0.000919
0.001294
0.000880
0.001317
0.000596
0.000767
0.000737
0.001070
0.001835
0.001110
0.001159
0.001386
0.000902
0.000652
0.000941
