0.000323
0.001885
0.000803
0.000447
0.001987
0.000654
0.000871
0.000583
0.001097
0.000616
0.000575
0.004522
0.000913
0.000898
0.003966
0.000224
0.000223
0.000601
0.000505
0.001081
0.000641
0.000810
0.003356
0.000906
0.000409
0.000422
0.000567
0.000615
0.000476
0.000623
0.000184
0.001444
0.000648
0.000912
0.000574
0.001012
0.003043
0.000570
0.001174
0.000634
0.001059
0.000578
0.004317
0.000630
0.000548
0.000639
0.000712
0.000495
0.000477
0.000599
0.000601
0.000610
0.000708
0.000453
0.000599
0.000515
0.004728
0.001023
0.000716
0.000663
0.000900
0.000612
0.000845
0.000408
0.000511
0.000642
0.000940
0.000642
0.000630
0.000532
0.001769
0.000726
0.000647
0.000502
0.000773
0.000520
0.000686
0.000555
0.000421
0.000492
0.000338
0.000484
0.003327
0.000496
0.000507
0.000263
0.000548
0.000414
0.000452
0.000920
0.000282
0.000552
0.000521
0.000961
0.001166
0.000710
0.000669
0.000826
0.000403
0.000964
0.004509
0.000519
0.001365
0.000366
0.001759
0.000370
0.000388
0.000668
0.000441
0.000172
0.003007
0.000596
0.000669
0.000378
0.000587
0.000280
0.000420
0.000511
0.000577
0.000495
0.000735
0.000381
0.000425
0.001268
0.000605
0.001969
0.000885
0.003552
0.000663
0.000359
0.000938
0.000429
0.000258
0.000610
0.000629
0.000510
0.000698
0.000689
0.001208
0.000554
0.000442
0.001362
0.000840
0.000282
0.000578
0.001653
0.001027
0.002819
0.003537
0.000525
0.000583
0.001038
0.001109
0.000583
0.000500
0.001016
0.000796
0.000424
0.000461
0.000884
0.000406
0.001084
0.000538
0.000562
0.000495
0.000482
0.000222
0.000952
0.000351
0.000623
0.000455
0.000506
0.000941
0.000456
0.000561
0.000519
0.000633
0.000570
0.000511
0.000585
0.000538
0.000640
0.000438
0.001256
0.000404
0.001250
0.003732
0.002182
0.000552
0.000616
0.000319
0.000597
0.000220
0.000988
0.000977
0.001284
0.001356
0.000234
0.000544
0.000613
0.004024
0.001384
0.000582
0.000430
0.002394
0.000516
0.002031
0.000529
0.000727
0.000544
0.000742
0.001296
0.000500
0.000726
0.000498
0.000438
0.003483
0.000745
0.000861
0.000618
0.000434
0.000983
0.004747
0.000516
0.002316
0.000461
0.000793
0.000578
0.000541
0.000627
0.000597
0.000971
0.003976
0.000962
0.000494
0.000598
0.000402
0.000972
0.000537
0.000746
0.000525
0.000479
0.000416
0.000445
0.000556
0.001702
0.001764
0.001190
0.000385
0.000859
0.000534
0.000565
0.001204
0.001207
0.000945
0.001348
0.000579
0.000851
0.000758
0.000612
0.000718
0.000626
0.000226
0.002687
0.000534
0.000579
0.000502
0.000651
0.000572
0.000691
0.000482
0.000534
0.000529
0.000495
0.000847
0.000478
0.000819
0.000565
0.000505
0.000542
0.000516
0.000446
0.000496
0.000507
0.000338
0.000453
0.000486
0.000489
0.000495
0.000420
0.000736
0.000759
0.000457
0.000659
0.000504
0.000654
0.000399
0.000482
0.000509
0.000520
0.000444
0.000542
0.000524
0.000439
0.000410
0.000620
0.000610
0.000545
0.000572
0.000561
0.000921
0.000723
0.000459
0.000670
0.008236
0.000592
0.000780
0.000544
0.000651
0.000683
0.000582
0.000717
0.000497
0.000500
0.000728
0.000478
0.000726
0.000759
0.000816
0.000665
0.000661
0.000480
0.000604
0.000704
0.000678
0.000528
0.000523
0.000612
0.000488
0.000854
0.000404
0.000524
0.000516
0.000516
0.000537
0.000713
0.000530
0.000453
0.000608
0.000536
0.000440
0.000538
0.000459
0.000665
0.000497
0.000592
0.000533
0.000542
0.000834
0.000587
0.000880
0.000491
0.003044
0.000258
0.001201
0.000664
0.000505
0.000527
0.000438
0.000599
0.000501
0.000914
0.000619
0.000651
0.000484
0.000588
0.000762
0.000653
0.000584
0.001093
0.000531
0.001305
0.000863
0.000792
0.000626
0.000520
0.000334
0.000464
0.000556
0.000617
0.002964
0.000397
0.000828
0.000850
0.000695
0.000457
0.000931
0.000475
0.000676
0.000584
0.000518
0.000404
0.000513
0.000558
0.000729
0.001459
0.000643
0.000625
0.001003
0.000569
0.000526
0.000585
0.000415
0.000431
0.000525
0.000635
0.000490
0.000710
0.000638
0.000599
0.000792
0.000483
0.002439
0.000676
0.000482
0.001218
0.000551
0.000539
0.000591
0.000821
0.000617
0.000468
0.000525
0.000484
0.000959
0.000585
0.001004
0.000513
0.001121
0.000512
0.000494
0.000970
0.001455
0.001557
0.001188
0.000563
0.000502
0.000654
0.001101
0.000787
0.001018
0.009392
0.000589
0.000671
0.000431
0.000530
0.000649
0.000687
0.000453
0.000439
0.000570
0.000493
0.000503
0.000505
0.000497
0.000992
0.000319
0.000514
0.001076
0.000642
0.000569
0.000572
0.000505
0.000923
0.000533
0.000547
0.000578
0.003199
0.000423
0.000676
0.001413
0.000370
0.001103
0.000618
0.000786
0.000605
0.000779
0.000388
0.000596
0.000922
0.000216
0.000846
0.000504
0.000401
0.000741
0.000513
0.000976
0.000555
0.000528
0.000346
