0.001714
0.001603
0.001476
0.000532
0.001764
0.000728
0.000557
0.002469
0.000391
0.005372
0.001382
0.002292
0.004886
0.002747
0.002207
0.000696
0.000952
0.001029
0.001751
0.001347
0.001645
0.000709
0.000685
0.001515
0.001103
0.001665
0.000710
0.001709
0.001396
0.002888
0.000849
0.000394
0.001635
0.001902
0.001344
0.010494
0.001688
0.002358
0.001470
0.002051
0.002105
0.001259
0.000626
0.000805
0.001985
0.001154
0.001626
0.000867
0.001001
0.001804
0.001453
0.001859
0.001439
0.003739
0.000832
0.001184
0.001783
0.000650
0.000670
0.001556
0.001807
0.000635
0.001575
0.000692
0.001067
0.004078
0.000455
0.001253
0.001748
0.000349
0.001604
0.000513
0.004000
0.001162
0.000575
0.003477
0.001449
0.006849
0.001731
0.001443
0.002350
0.001373
0.003772
0.001197
0.000453
0.002696
0.001182
0.005097
0.000776
0.002207
0.001515
0.000553
0.005048
0.000882
0.002162
0.001833
0.001242
0.000393
0.001037
0.001318
0.001603
0.001957
0.001253
0.001610
0.001348
0.000712
0.000636
0.000590
0.001593
0.001589
0.004300
0.000793
0.000979
0.001706
0.001346
0.001046
0.001587
0.002130
0.000397
0.001820
0.002377
0.001338
0.001706
0.001551
0.000858
0.000475
0.002070
0.000825
0.000589
0.000971
0.001701
0.000611
0.001519
0.002648
0.002219
0.001419
0.000954
0.001225
0.001236
0.001341
0.000752
0.000745
0.001344
0.001441
0.000723
0.000806
0.001479
0.000851
0.002716
0.000749
0.000625
0.000456
0.000837
0.001752
0.000875
0.002565
0.001955
0.000816
0.001957
0.000620
0.001657
0.000791
0.001294
0.001285
0.000509
0.001819
0.001416
0.000438
0.001965
0.000495
0.002085
0.001467
0.001111
0.001428
0.000926
0.001031
0.000721
0.001478
0.001000
0.002184
0.000462
0.000535
0.000550
0.000515
0.000916
0.000549
0.001204
0.000488
0.002579
0.001799
0.000811
0.002075
0.000527
0.004555
0.003921
0.001403
0.000834
0.001294
0.000926
0.001711
0.000837
0.000800
0.001487
0.000852
0.000343
0.003077
0.001316
0.002052
0.000584
0.001066
0.000806
0.000965
0.001493
0.001166
0.000972
0.002154
0.001013
0.001692
0.000638
0.000862
0.003766
0.001030
0.000530
0.002890
0.002574
0.001563
0.000668
0.000634
0.000445
0.000503
0.001361
0.000688
0.002634
0.000609
0.000514
0.002022
0.000528
0.001079
0.001905
0.004168
0.001336
0.001521
0.000751
0.002174
0.000635
0.000519
0.000922
0.000459
0.001928
0.001789
0.002024
0.004549
0.000522
0.000942
0.001887
0.001279
0.000873
0.002075
0.000580
0.000970
0.001485
0.002235
0.000853
0.001024
0.003352
0.000896
0.000461
0.000595
0.002120
0.002000
0.000778
0.001416
0.001926
0.001142
0.001206
0.000770
0.000768
0.002496
0.001168
0.000444
0.000932
0.001829
0.001536
0.001283
0.000821
0.001447
0.001022
0.000376
0.001641
0.001551
0.003524
0.001578
0.001286
0.001775
0.001033
0.002480
0.002215
0.001837
0.000841
0.001460
0.000650
0.000544
0.001148
0.000561
0.000676
0.000309
0.003436
0.001799
0.002045
0.000907
0.002487
0.002454
0.001716
0.001272
0.001644
0.001105
0.001951
0.000419
0.000817
0.005841
0.000487
0.001710
0.001261
0.000678
0.001397
0.004706
0.000690
0.000975
0.000437
0.002650
0.000349
0.000698
0.001470
0.001009
0.000929
0.001968
0.001660
0.001699
0.001067
0.001590
0.001867
0.004013
0.000486
0.002328
0.000955
0.002112
0.001172
0.001013
0.000540
0.001646
0.002682
0.002451
0.001330
0.005481
0.005395
0.003460
0.003409
0.002165
0.001290
0.000447
0.001600
0.000804
0.001674
0.005936
0.000812
0.001550
0.000989
0.000962
0.000974
0.002117
0.000883
0.001219
0.001620
0.001321
0.001168
0.001368
0.000799
0.001953
0.001457
0.001740
0.000555
0.002524
0.001698
0.001897
0.001711
0.000295
0.001356
0.001686
0.001468
0.000367
0.000564
0.001712
0.000912
0.001206
0.001425
0.002429
0.001392
0.001451
0.000368
0.000882
0.001219
0.001481
0.001692
0.001410
0.000433
0.001666
0.009230
0.001725
0.000941
0.000394
0.000728
0.000560
0.001252
0.003559
0.001850
0.001219
0.000425
0.000639
0.000789
0.001614
0.001929
0.000542
0.001145
0.000604
0.002094
0.001892
0.000673
0.001545
0.001779
0.000817
0.000786
0.001652
0.001982
0.001899
0.002042
0.001608
0.000554
0.001090
0.001065
0.001365
0.000629
0.001395
0.001125
0.001501
0.001456
0.000730
0.001126
0.000825
0.000610
0.002155
0.001739
0.000376
0.001024
0.001634
0.001016
0.001396
0.001365
0.000948
0.002102
0.001576
0.000819
0.002334
0.001715
0.000963
0.001341
0.002218
0.000665
0.001649
0.001875
0.002021
0.001795
0.001575
0.002028
0.000929
0.001628
0.000920
0.001701
0.001072
0.001460
0.001458
0.001432
0.001926
0.001311
0.001345
0.000667
0.008161
0.000600
0.001133
0.001688
0.001438
0.002237
0.000899
0.001618
0.002103
0.001552
0.001615
0.001551
0.001664
0.001853
0.006952
