0.002519
0.002743
0.002384
0.002613
0.001870
0.003596
0.000550
0.002669
0.002545
0.002996
0.002941
0.002559
0.001996
0.002046
0.002861
0.009850
0.002353
0.001854
0.002186
0.002864
0.001139
0.003420
0.003159
0.001417
0.002775
0.003415
0.003034
0.003572
0.001359
0.003329
0.003412
0.001752
0.002749
0.002904
0.003637
0.003391
0.003142
0.001221
0.002075
0.002987
0.003870
0.003275
0.002714
0.003401
0.003014
0.001417
0.002351
0.002658
0.003091
0.002674
0.001936
0.004018
0.003820
0.004580
0.002681
0.002294
0.002710
0.002965
0.003464
0.004124
0.003113
0.002529
0.002691
0.003066
0.003971
0.003599
0.003657
0.003549
0.001631
0.002877
0.003308
0.002372
0.003055
0.002126
0.003720
0.004022
0.003334
0.002815
0.003691
0.003522
0.002718
0.002938
0.003645
0.009884
0.002096
0.003128
0.003810
0.003554
0.002791
0.003358
0.002079
0.003615
0.003106
0.002676
0.003059
0.002305
0.003588
0.003209
0.003287
0.003171
0.003511
0.003058
0.002570
0.002081
0.002468
0.003136
0.003581
0.002696
0.002507
0.003053
0.002996
0.003116
0.001645
0.003149
0.003502
0.003925
0.002933
0.002540
0.003039
0.002756
0.003132
0.003365
0.003940
0.003295
0.001533
0.004288
0.003228
0.003588
0.002852
0.003664
0.002312
0.003344
0.003102
0.003212
0.001335
0.002909
0.003060
0.001808
0.004427
0.001821
0.003622
0.002535
0.003136
0.002407
0.002485
0.002661
0.002200
0.004283
0.003762
0.002327
0.003288
0.003118
0.002519
0.002847
0.002177
0.003225
0.002931
0.003125
0.004075
0.003010
0.002954
0.003437
0.004255
0.002703
0.003455
0.002545
0.001705
0.001776
0.001977
0.010009
0.001970
0.003246
0.002427
0.003431
0.001722
0.002931
0.002476
0.003286
0.000588
0.003681
0.003921
0.002498
0.001863
0.009961
0.013933
0.002391
0.003003
0.003628
0.002338
0.003107
0.002509
0.003319
0.002010
0.002304
0.002598
0.001839
0.003243
0.003631
0.002782
0.003029
0.002340
0.002942
0.003394
0.002668
0.003071
0.002420
0.002331
0.002941
0.003135
0.003482
0.003850
0.003118
0.001401
0.003945
0.003582
0.002534
0.001967
0.003166
0.001293
0.006415
0.002938
0.003119
0.002567
0.001713
0.002632
0.003005
0.002542
0.002622
0.001894
0.003422
0.002702
0.002178
0.003100
0.002054
0.003125
0.003216
0.002796
0.003353
0.003874
0.001901
0.003185
0.003542
0.003685
0.003328
0.003221
0.002102
0.002176
0.001712
0.002257
0.003650
0.008625
0.003247
0.001874
0.002933
0.002429
0.001453
0.003289
0.001730
0.002482
0.001859
0.002025
0.002535
0.004257
0.002378
0.001759
0.001477
0.003421
0.002047
0.007064
0.001471
0.002661
0.003444
0.000598
0.002351
0.002810
0.002812
0.003334
0.002033
0.002009
0.002783
0.001748
0.003614
0.002764
0.007903
0.002122
0.002396
0.002148
0.002114
0.003436
0.002721
0.002533
0.008695
0.002380
0.002656
0.001693
0.000859
0.003351
0.001139
0.001459
0.001878
0.002284
0.002683
0.002069
0.003903
0.001917
0.002701
0.002428
0.003078
0.003785
0.002633
0.002562
0.002645
0.003221
0.001231
0.003157
0.004254
0.002198
0.001883
0.002137
0.003940
0.002081
0.001009
0.003518
0.002029
0.001496
0.003218
0.002802
0.001597
0.003810
0.001994
0.002100
0.002319
0.002764
0.001913
0.002918
0.003212
0.003439
0.001762
0.002745
0.003019
0.001461
0.003080
0.002296
0.003069
0.002209
0.002462
0.004768
0.001968
0.002879
0.003159
0.003630
0.001860
0.003557
0.002148
0.003816
0.004838
0.009429
0.001847
0.002788
0.001360
0.001348
0.002977
0.003448
0.001689
0.003356
0.004354
0.010476
0.003062
0.001433
0.002807
0.001886
0.002669
0.003216
0.002377
0.003166
0.002358
0.001040
0.008732
0.002444
0.002991
0.003393
0.003852
0.002058
0.004757
0.003130
0.010605
0.001704
0.001020
0.001859
0.004751
0.001877
0.003656
0.003638
0.001297
0.003615
0.003434
0.001368
0.001452
0.003798
0.002340
0.002574
0.003177
0.002163
0.002506
0.001827
0.001479
0.003225
0.001742
0.002351
0.001372
0.003598
0.001495
0.002097
0.002813
0.002335
0.003648
0.003798
0.001919
0.003167
0.002785
0.002653
0.002162
0.001406
0.002157
0.003305
0.003784
0.002347
0.001648
0.002485
0.003303
0.003127
0.003547
0.002591
0.002512
0.002598
0.002398
0.002020
0.002335
0.002937
0.010706
0.003207
0.002142
0.003124
0.002869
0.002066
0.002480
0.003069
0.002535
0.002605
0.003281
0.009454
0.003286
0.003353
0.001630
0.003119
0.003019
0.004303
0.003247
0.003035
0.002799
0.001784
0.003729
0.003211
0.001338
0.003527
0.002890
0.002036
0.002570
0.001437
0.002019
0.002858
0.003140
0.002503
0.003382
0.002853
0.003915
0.002520
0.002116
0.002448
0.003069
0.003055
0.003272
0.002737
0.003125
0.001085
0.001723
0.002701
0.002856
0.000524
0.003660
0.002349
0.009813
0.001947
0.003814
0.002932
0.001840
0.001946
0.002813
0.005802
0.003468
