0.004788
0.005853
0.006388
0.006193
0.006408
0.006986
0.002371
0.013690
0.006240
0.002793
0.005603
0.003380
0.007139
0.006603
0.002842
0.005596
0.007483
0.001945
0.004553
0.007787
0.000893
0.006965
0.007490
0.008730
0.006256
0.007434
0.007356
0.005057
0.007509
0.005421
0.007294
0.006590
0.006889
0.004502
0.007487
0.005227
0.006377
0.006407
0.005624
0.007749
0.002826
0.012896
0.005476
0.006106
0.007162
0.006522
0.005218
0.004151
0.004879
0.006489
0.006955
0.005628
0.006959
0.005851
0.005879
0.003211
0.005066
0.005452
0.006695
0.006341
0.006069
0.002391
0.006209
0.006023
0.007348
0.006107
0.006345
0.006597
0.005876
0.010864
0.005319
0.006834
0.005907
0.005656
0.006024
0.004937
0.005897
0.005408
0.006479
0.004943
0.006142
0.005852
0.007053
0.007411
0.003729
0.005879
0.006731
0.006945
0.005531
0.003720
0.005441
0.006489
0.005496
0.006204
0.006632
0.006161
0.006689
0.006858
0.003357
0.001342
0.007330
0.004120
0.004997
0.005907
0.002894
0.002881
0.006010
0.006072
0.006652
0.003269
0.004751
0.010458
0.004352
0.004163
0.003115
0.006062
0.003362
0.003740
0.004020
0.004917
0.004824
0.002456
0.006487
0.006961
0.007118
0.005967
0.008623
0.005185
0.007499
0.005192
0.007581
0.006275
0.005754
0.003821
0.005973
0.005529
0.004263
0.003574
0.005240
0.006393
0.007140
0.004437
0.006294
0.005770
0.005254
0.006579
0.006373
0.006693
0.004172
0.004418
0.002448
0.007579
0.006533
0.002880
0.005749
0.005796
0.003365
0.006350
0.005528
0.006374
0.006784
0.006309
0.005354
0.006286
0.005862
0.005323
0.006638
0.002461
0.006424
0.012579
0.004662
0.006208
0.005502
0.003183
0.002736
0.014234
0.004396
0.005456
0.005062
0.005090
0.006123
0.007384
0.002873
0.002434
0.007473
0.005116
0.002765
0.006330
0.005103
0.006326
0.003575
0.004818
0.005773
0.005752
0.006755
0.004361
0.004496
0.003010
0.000490
0.004675
0.006594
0.007064
0.006497
0.003526
0.005909
0.005894
0.008096
0.007317
0.005723
0.006463
0.005064
0.006043
0.005585
0.007102
0.006154
0.006348
0.002526
0.006141
0.006149
0.006862
0.005311
0.005260
0.006547
0.004822
0.006072
0.004682
0.001890
0.004536
0.005769
0.006531
0.006141
0.003822
0.006705
0.012718
0.004258
0.006264
0.006164
0.007902
0.006798
0.015643
0.003927
0.004110
0.004686
0.004643
0.005730
0.007332
0.004581
0.005657
0.008294
0.007609
0.001723
0.003882
0.006193
0.005305
0.005750
0.007177
0.002921
0.003247
0.004920
0.001539
0.006508
0.004934
0.004746
0.005782
0.007663
0.005049
0.001452
0.007333
0.003192
0.006227
0.004630
0.004185
0.006881
0.003913
0.005364
0.003816
0.005822
0.004760
0.006897
0.004358
0.005769
0.005983
0.003661
0.006835
0.005719
0.006967
0.004753
0.005391
0.006602
0.004908
0.005522
0.006179
0.006444
0.005275
0.005193
0.007542
0.012098
0.006230
0.004984
0.004221
0.006740
0.006303
0.006303
0.007207
0.007735
0.004867
0.004975
0.005989
0.006650
0.005342
0.002480
0.007283
0.006440
0.005937
0.002904
0.006245
0.006678
0.004374
0.006405
0.006029
0.006284
0.006764
0.005879
0.005747
0.006671
0.005442
0.007763
0.005615
0.005209
0.008845
0.007223
0.005432
0.005710
0.005638
0.004339
0.005679
0.002817
0.007302
0.004902
0.007013
0.006414
0.007311
0.006338
0.008137
0.005003
0.006191
0.006528
0.006032
0.004753
0.005022
0.004651
0.005057
0.007841
0.005756
0.007262
0.014057
0.002101
0.003447
0.004306
0.006543
0.004169
0.007396
0.005238
0.005199
0.007092
0.006068
0.005967
0.004537
0.005858
0.005900
0.006817
0.005984
0.005950
0.006564
0.004205
0.006761
0.007028
0.006510
0.006666
0.007147
0.007506
0.008117
0.007317
0.005685
0.007558
0.006084
0.005301
0.006189
0.003118
0.004491
0.005420
0.007137
0.006698
0.005264
0.006091
0.001744
0.006708
0.005493
0.006485
0.003140
0.006293
0.005728
0.014750
0.005855
0.006125
0.005594
0.007395
0.004477
0.003728
0.003305
0.005572
0.003518
0.005800
0.006790
0.006810
0.006670
0.002455
0.006743
0.001990
0.003609
0.005150
0.006042
0.005785
0.004768
0.002455
0.010014
0.006674
0.005070
0.005066
0.006401
0.004656
0.002765
0.007184
0.006687
0.006340
0.005929
0.005887
0.004252
0.002302
0.006656
0.005101
0.005073
0.005271
0.006595
0.006978
0.006929
0.003014
0.006792
0.006418
0.006998
0.006166
0.006000
0.005876
0.006309
0.006856
0.005851
0.006318
0.006070
0.004735
0.005779
0.006340
0.004506
0.005492
0.005258
0.005573
0.004951
0.005939
0.006309
0.005722
0.004900
0.006934
0.004834
0.005288
0.005779
0.005771
0.006395
0.006030
0.006536
0.005351
0.004734
0.005691
0.005792
0.005988
0.004521
0.006770
0.006597
0.007372
0.004515
0.005901
0.006577
0.007337
0.006241
0.005975
0.006285
0.003891
0.003749
0.005297
0.006214
0.006858
0.005798
