0.003189
0.003735
0.002027
0.004049
0.003667
0.003627
0.003519
0.003179
0.003159
0.002726
0.003786
0.003661
0.003172
0.002723
0.002414
0.003652
0.003180
0.003291
0.003825
0.002817
0.003882
0.003385
0.003145
0.003791
0.003039
0.003207
0.003310
0.002782
0.002237
0.002630
0.003208
0.003293
0.003193
0.008658
0.003077
0.003581
0.001388
0.002821
0.003726
0.002373
0.003729
0.002278
0.003298
0.003761
0.002313
0.003491
0.002822
0.003381
0.003339
0.003366
0.003944
0.003171
0.002620
0.003575
0.003124
0.003003
0.003260
0.003172
0.010684
0.003213
0.003198
0.003073
0.002669
0.002988
0.003269
0.003422
0.002886
0.003093
0.003534
0.002970
0.001128
0.003064
0.004103
0.003701
0.003081
0.000898
0.003194
0.003109
0.003432
0.002417
0.003030
0.009900
0.003562
0.002708
0.003323
0.003492
0.003561
0.003812
0.003573
0.003560
0.003943
0.002864
0.003048
0.003706
0.003319
0.003625
0.002564
0.003694
0.003434
0.003562
0.003454
0.003255
0.003446
0.003733
0.002649
0.003076
0.003348
0.002857
0.002871
0.003044
0.000759
0.003182
0.002880
0.003674
0.003018
0.004073
0.003686
0.003767
0.002147
0.002885
0.003093
0.003386
0.002009
0.003768
0.003358
0.003781
0.003396
0.003717
0.002048
0.004085
0.003438
0.003047
0.003935
0.003862
0.003092
0.002922
0.003049
0.003542
0.002895
0.003291
0.003365
0.003353
0.003544
0.002994
0.009379
0.003668
0.002846
0.003373
0.003210
0.008279
0.003059
0.007746
0.002416
0.002740
0.003524
0.002645
0.001998
0.002538
0.004171
0.001184
0.000989
0.001710
0.004882
0.004022
0.003017
0.002545
0.002206
0.001663
0.002530
0.003138
0.003174
0.003759
0.003767
0.003443
0.003645
0.003417
0.003522
0.003856
0.003261
0.002063
0.002317
0.004430
0.001997
0.003455
0.009124
0.003243
0.003575
0.003575
0.004229
0.003836
0.004282
0.003629
0.010894
0.002338
0.002456
0.003252
0.003380
0.003727
0.003080
0.002144
0.003212
0.004016
0.003851
0.002334
0.002033
0.003610
0.003006
0.002352
0.001782
0.002712
0.003802
0.003888
0.003049
0.003170
0.004067
0.003945
0.002208
0.003437
0.002928
0.002998
0.003787
0.003238
0.002793
0.005959
0.003555
0.007254
0.002686
0.003553
0.003882
0.003043
0.003448
0.003652
0.003851
0.003831
0.002924
0.002795
0.004507
0.003399
0.003160
0.001349
0.003023
0.003331
0.001583
0.002549
0.001151
0.003679
0.003462
0.003037
0.002707
0.002354
0.003516
0.001911
0.002654
0.002008
0.001282
0.001781
0.003625
0.002847
0.003198
0.002349
0.003568
0.006697
0.004184
0.003354
0.001848
0.011382
0.001822
0.003172
0.002825
0.003009
0.005541
0.003309
0.004026
0.002827
0.002034
0.004210
0.001650
0.004298
0.004340
0.002863
0.002731
0.002962
0.002490
0.003621
0.002132
0.001675
0.007122
0.003869
0.002614
0.004412
0.001872
0.003318
0.002371
0.001126
0.001231
0.003278
0.004253
0.002450
0.004193
0.002631
0.002845
0.003160
0.002471
0.001583
0.002704
0.003542
0.002231
0.002926
0.002615
0.007336
0.004393
0.001212
0.000943
0.003455
0.007114
0.000661
0.003997
0.003432
0.002823
0.002798
0.003267
0.002519
0.001572
0.009795
0.003882
0.001408
0.004666
0.003293
0.002088
0.001444
0.003640
0.002615
0.003390
0.002547
0.003990
0.002886
0.002957
0.002670
0.003109
0.002882
0.002026
0.003704
0.002920
0.002116
0.004072
0.003004
0.003667
0.003095
0.004145
0.002149
0.004582
0.002495
0.002889
0.004790
0.003984
0.003256
0.003291
0.003007
0.005432
0.001895
0.002954
0.003289
0.002184
0.002117
0.002484
0.002358
0.010538
0.003162
0.005039
0.006184
0.002366
0.002447
0.002340
0.003236
0.002280
0.002273
0.003578
0.001100
0.003229
0.002701
0.003541
0.003561
0.004574
0.002704
0.001352
0.001507
0.003523
0.003884
0.002214
0.001160
0.003220
0.002511
0.003692
0.003265
0.004344
0.002958
0.002656
0.004039
0.002080
0.002626
0.004040
0.002262
0.002236
0.009846
0.002018
0.001728
0.001958
0.003720
0.002731
0.005665
0.003422
0.001944
0.003646
0.003290
0.001304
0.003210
0.002797
0.005563
0.014841
0.005789
0.003584
0.002828
0.004243
0.002998
0.003361
0.003716
0.004102
0.003625
0.010985
0.003362
0.003825
0.003309
0.002453
0.002683
0.003534
0.003558
0.003595
0.010072
0.002518
0.003365
0.003093
0.003148
0.001488
0.004624
0.007007
0.003231
0.002995
0.002956
0.003230
0.003220
0.001910
0.003446
0.002334
0.004481
0.003755
0.004039
0.003331
0.004169
0.003483
0.004052
0.003366
0.002102
0.002647
0.003460
0.003242
0.002570
0.002140
0.002889
0.003576
0.003512
0.003852
0.002827
0.004564
0.002722
0.004441
0.004142
0.001345
0.001682
0.003211
0.002953
0.003049
0.002877
0.003331
0.003586
0.002211
0.001433
0.003479
0.002980
0.003161
0.000865
0.001760
0.003801
0.004292
0.006966
0.003796
0.006898
0.002180
0.004615
0.003713
0.002939
