0.007142
0.005628
0.006887
0.008251
0.004836
0.006042
0.006744
0.006671
0.007168
0.005557
0.004376
0.005596
0.005257
0.006157
0.006883
0.006188
0.006203
0.007413
0.005440
0.006697
0.006652
0.012605
0.006709
0.006552
0.005942
0.006419
0.006298
0.006906
0.005394
0.006794
0.007094
0.007752
0.006462
0.007202
0.006957
0.004457
0.006890
0.006683
0.005581
0.005587
0.012990
0.006081
0.006071
0.006602
0.006829
0.008109
0.007359
0.008066
0.006156
0.006317
0.005673
0.007002
0.006830
0.005720
0.006918
0.005735
0.006769
0.007300
0.008547
0.006469
0.006037
0.005402
0.005917
0.006114
0.005985
0.007085
0.005685
0.006450
0.014642
0.006904
0.007279
0.006065
0.007240
0.005391
0.006874
0.005763
0.006581
0.005501
0.007150
0.006259
0.006417
0.006073
0.005745
0.007175
0.006623
0.007454
0.013586
0.005823
0.005724
0.006650
0.006178
0.008576
0.008164
0.005889
0.006550
0.007611
0.007151
0.004647
0.007344
0.006748
0.005911
0.005859
0.006085
0.006482
0.015768
0.001499
0.000969
0.007249
0.006358
0.007466
0.006852
0.006215
0.007049
0.005732
0.007745
0.006492
0.006545
0.005745
0.006620
0.005874
0.006450
0.006691
0.013378
0.005371
0.005747
0.004183
0.006045
0.006908
0.006777
0.007985
0.006121
0.007793
0.005430
0.006613
0.007614
0.008013
0.003624
0.006751
0.005145
0.005297
0.006950
0.006718
0.006383
0.006947
0.006624
0.005224
0.006820
0.006206
0.004565
0.005912
0.006582
0.007277
0.002490
0.006748
0.016880
0.005805
0.007648
0.005909
0.004370
0.008196
0.001584
0.006376
0.004630
0.006484
0.008263
0.005775
0.006609
0.005320
0.004542
0.006906
0.005850
0.005528
0.005835
0.006611
0.005935
0.007678
0.005933
0.005438
0.006801
0.007939
0.005628
0.006088
0.004839
0.006245
0.005043
0.005586
0.005975
0.002038
0.007156
0.006302
0.006351
0.001854
0.003648
0.006774
0.003455
0.005681
0.000880
0.002608
0.006079
0.005892
0.007292
0.006006
0.006318
0.007068
0.005159
0.006234
0.006189
0.005631
0.006173
0.006090
0.007157
0.004434
0.004409
0.006618
0.007239
0.006662
0.007311
0.005964
0.006265
0.006228
0.004843
0.006702
0.006823
0.003277
0.006007
0.006452
0.005113
0.013223
0.006970
0.005487
0.004514
0.004447
0.007429
0.007103
0.007026
0.006304
0.002314
0.003755
0.000698
0.006686
0.008638
0.005340
0.003042
0.004929
0.004534
0.004662
0.003913
0.006730
0.005482
0.005884
0.005568
0.002773
0.006380
0.007004
0.006991
0.006061
0.007145
0.005676
0.007004
0.006749
0.005800
0.006680
0.013379
0.006683
0.003088
0.007089
0.006297
0.006739
0.006455
0.006922
0.006048
0.006693
0.007368
0.005895
0.006780
0.008591
0.006262
0.008943
0.006945
0.007684
0.007946
0.008010
0.006706
0.006855
0.006317
0.006535
0.006671
0.006771
0.006447
0.005801
0.006546
0.006502
0.007426
0.006082
0.006929
0.007259
0.004314
0.003285
0.008754
0.007120
0.006235
0.007394
0.005417
0.003748
0.006712
0.005489
0.006085
0.006102
0.006272
0.006305
0.007893
0.006181
0.006431
0.006841
0.006910
0.005909
0.005870
0.007100
0.006494
0.006151
0.006306
0.004077
0.006778
0.006177
0.005244
0.005911
0.004987
0.003767
0.006267
0.006187
0.006886
0.005661
0.005271
0.005670
0.005977
0.005201
0.003996
0.005555
0.003730
0.004114
0.005505
0.005049
0.005076
0.003887
0.004694
0.004046
0.004489
0.004679
0.011903
0.004665
0.007072
0.005214
0.005567
0.005818
0.002171
0.006518
0.004548
0.006130
0.003494
0.005715
0.007328
0.007536
0.006152
0.006971
0.006639
0.007103
0.005635
0.005375
0.003874
0.007768
0.006402
0.006040
0.005808
0.002057
0.006111
0.005462
0.005855
0.006041
0.005890
0.002372
0.005793
0.004845
0.002151
0.005382
0.007119
0.006005
0.003364
0.006619
0.003995
0.005774
0.003737
0.006842
0.005047
0.005936
0.006324
0.007432
0.005125
0.006239
0.005566
0.007395
0.006359
0.004966
0.004416
0.006365
0.007944
0.006248
0.006241
0.007100
0.006526
0.005226
0.007367
0.007097
0.008625
0.010351
0.002370
0.003742
0.006419
0.006142
0.006558
0.006192
0.001053
0.003708
0.005883
0.004190
0.005010
0.007245
0.005669
0.005268
0.006208
0.007613
0.005496
0.005925
0.006026
0.006956
0.006479
0.005647
0.005670
0.006400
0.004839
0.005746
0.003118
0.006532
0.005842
0.006173
0.005983
0.005642
0.005545
0.007148
0.006654
0.005509
0.007090
0.005476
0.006961
0.005708
0.003892
0.007011
0.006272
0.004274
0.005640
0.006510
0.007539
0.005941
0.004857
0.007067
0.007228
0.006768
0.005867
0.006530
0.007665
0.005883
0.006439
0.005803
0.006858
0.005747
0.007248
0.005476
0.006383
0.006361
0.006647
0.006546
0.007307
0.005832
0.005457
0.005020
0.006455
0.006695
0.003726
0.006296
0.005280
0.012264
0.007004
0.004745
0.006419
0.006401
0.006646
0.006566
0.006937
0.006450
0.006207
0.006776
