0.001333
0.002626
0.002081
0.002236
0.004633
0.001812
0.001452
0.002255
0.001906
0.001570
0.001900
0.002071
0.001701
0.001417
0.001692
0.001875
0.002006
0.001887
0.002054
0.001390
0.001638
0.001854
0.001695
0.001752
0.001453
0.001133
0.002110
0.001317
0.001678
0.002339
0.001691
0.001982
0.001825
0.002063
0.001608
0.001208
0.001523
0.001782
0.001464
0.001437
0.001592
0.001661
0.001110
0.001216
0.001462
0.002146
0.001645
0.001655
0.001634
0.001970
0.002108
0.001850
0.001390
0.002453
0.001213
0.001495
0.001676
0.001643
0.005853
0.001251
0.001728
0.002194
0.001550
0.001883
0.002038
0.001623
0.001528
0.001645
0.001506
0.001536
0.009629
0.001598
0.001342
0.001944
0.001497
0.001753
0.001412
0.001566
0.002371
0.001300
0.001319
0.002093
0.001947
0.001963
0.002294
0.001463
0.001869
0.001446
0.001574
0.001695
0.001310
0.001601
0.001496
0.001328
0.002015
0.001753
0.001248
0.001849
0.001289
0.001916
0.001853
0.001599
0.002043
0.001555
0.001313
0.001556
0.001553
0.001543
0.001260
0.001555
0.002795
0.001981
0.001340
0.001327
0.001528
0.001431
0.001698
0.001375
0.001582
0.001692
0.001631
0.002107
0.001383
0.001432
0.001709
0.001849
0.001676
0.002130
0.001966
0.001755
0.002241
0.001236
0.001552
0.001635
0.001594
0.001519
0.001390
0.002043
0.001586
0.001840
0.001332
0.001948
0.001436
0.002188
0.001509
0.001727
0.001727
0.002156
0.001540
0.001966
0.001283
0.001302
0.001984
0.001657
0.001912
0.001272
0.001689
0.001425
0.002079
0.001578
0.001684
0.001785
0.001174
0.001452
0.001310
0.001430
0.001845
0.001340
0.001298
0.004153
0.002170
0.001985
0.001632
0.001367
0.001651
0.001446
0.001299
0.002063
0.001628
0.001798
0.001541
0.000868
0.001338
0.001234
0.001635
0.001453
0.001283
0.001555
0.001602
0.001569
0.001570
0.001691
0.001684
0.001673
0.001477
0.001566
0.001294
0.001523
0.003380
0.009605
0.001792
0.008165
0.001614
0.001388
0.001310
0.001508
0.001370
0.001557
0.001517
0.002392
0.003236
0.001396
0.000753
0.001733
0.001535
0.001327
0.001649
0.002593
0.002477
0.001628
0.001271
0.002674
0.000506
0.001756
0.001573
0.001534
0.001641
0.002018
0.001527
0.001301
0.001873
0.001511
0.001889
0.001594
0.000990
0.001853
0.001903
0.001610
0.001317
0.001586
0.002127
0.001434
0.001373
0.001771
0.001767
0.001951
0.001469
0.001970
0.001368
0.001943
0.001860
0.001433
0.002928
0.001376
0.001829
0.001490
0.001957
0.002186
0.001567
0.002179
0.004913
0.003061
0.001755
0.001400
0.001544
0.003648
0.001601
0.001257
0.003608
0.001504
0.001249
0.001583
0.001541
0.001429
0.009182
0.001916
0.002039
0.001244
0.001498
0.001552
0.002825
0.001190
0.001619
0.001831
0.001989
0.001863
0.001525
0.001572
0.001556
0.001352
0.001351
0.001873
0.002195
0.002074
0.002123
0.001738
0.001470
0.001734
0.001320
0.001512
0.001312
0.001406
0.001564
0.001859
0.001995
0.002011
0.003429
0.000834
0.001504
0.001374
0.001718
0.001493
0.001664
0.001607
0.001869
0.001636
0.001411
0.001318
0.001454
0.001918
0.001555
0.001616
0.001627
0.001302
0.001594
0.001820
0.001885
0.001721
0.002237
0.001997
0.001701
0.002619
0.001316
0.002361
0.001702
0.001436
0.001141
0.001132
0.001217
0.000344
0.001776
0.002085
0.001985
0.001245
0.001654
0.001562
0.000568
0.001734
0.001701
0.001613
0.001485
0.003276
0.001715
0.001602
0.001392
0.000992
0.001698
0.002912
0.001921
0.001579
0.001315
0.001970
0.001537
0.001432
0.001935
0.001412
0.001462
0.000605
0.001926
0.001417
0.002128
0.001922
0.001793
0.001567
0.001795
0.002712
0.001581
0.001606
0.001653
0.001757
0.001626
0.001506
0.001712
0.001726
0.001441
0.002017
0.001684
0.001588
0.002172
0.001970
0.001970
0.001324
0.001253
0.001730
0.001899
0.000578
0.001260
0.001944
0.001494
0.001557
0.002065
0.001765
0.000361
0.001811
0.002241
0.000943
0.001609
0.001501
0.001536
0.001733
0.002182
0.001259
0.001517
0.001479
0.001496
0.001466
0.001493
0.001461
0.001747
0.001581
0.001651
0.001156
0.001653
0.001431
0.001702
0.001949
0.002082
0.002036
0.001445
0.001294
0.001676
0.001568
0.001673
0.001940
0.001283
0.001617
0.002293
0.000872
0.002524
0.002120
0.001699
0.001160
0.001232
0.002259
0.002120
0.001903
0.001665
0.001817
0.000961
0.001277
0.001514
0.001331
0.001584
0.001133
0.001749
0.002481
0.001590
0.000612
0.001537
0.002241
0.002503
0.001276
0.000523
0.001623
0.001510
0.001592
0.001552
0.002358
0.002115
0.001321
0.001597
0.001879
0.001644
0.002411
0.001480
0.002065
0.001638
0.002818
0.001687
0.001844
0.001949
0.001689
0.001476
0.001489
0.000995
0.001345
0.000431
0.002171
0.000859
0.001433
0.001726
0.001573
0.001662
0.001365
0.001817
0.001591
0.002485
0.002136
0.001952
0.001290
